136.058304 -32.809601 BBOO 295.0
136.058304 -32.809601 BBOO 295.0
128.059 -30.779 FORT 165.0
138.6017 -34.919399 GHSS 42.0
138.9217 -33.4306 HTT 708.0
140.745605 -27.740999 INKA 112.0
136.907806 -35.979099 KELC 60.0
138.216202 -30.447201 LCRK 207.0
140.5728 -37.726299 MGBR 186.0
134.058502 -30.281799 MULG 254.7
138.147797 -33.1828 NAPP 181.0
135.688004 -27.794399 OOD 162.2
137.994293 -33.172501 PTPS 9.0
139.337997 -34.507301 SDAN 586.0
138.5793 -35.0313 TWOA 168.0
137.574402 -33.033001 WHYH 43.0
128.296097 -25.0375 WRKA 622.0
138.311905 -31.866301 YAPP 267.0
