136.9082 -30.9951 ARCOO 138.0
136.446 -29.9706 BILLA 106.0
135.4589 -30.4974 BONBO 152.0
137.4188 -30.9502 BOSWO 99.0
134.5345 -30.2996 BULGU 177.0
134.5497 -29.8441 COMWH 152.0
135.4868 -30.9388 COOND 131.0
133.998 -29.5254 DOGFC 181.0
133.5096 -29.5042 DOGFM 179.0
135.877 -31.1009 GLENA 157.0
134.9962 -29.4664 INGOM 204.0
137.5351 -31.8992 KOOTA 69.0
135.0011 -29.9927 MCDOU 164.0
138.1206 -31.5051 MERNA 37.0
135.9991 -30.025 MILCK 113.0
133.4994 -30.0096 MOBEL 178.0
135.5218 -30.0524 MTEBA 192.0
139.0029 -29.9956 MTLYN 199.0
137.6023 -30.3368 MULGA 77.0
138.1504 -30.9485 NILPI 90.0
137.0145 -31.5048 OOAKD 102.0
136.5042 -30.4952 PARAK 115.0
137.4538 -31.5619 SOGAP 89.0
137.078 -30.0522 STUCK 95.0
135.4793 -29.526 TWINS 172.0
139.334 -30.6841 WERTA 102.0
135.0268 -30.5262 WHYML 149.0
134.5141 -30.661 WILGE 130.0
138.5029 -29.9992 WILPO 107.0
136.2912 -31.4399 WIRRA 125.0
139.3886 -31.195 WIRRE 60.0
138.0055 -29.9873 WITCH 184.0
136.3277 -30.9024 WPARC 154.0
135.9573 -30.5741 WPARP 157.0
133.5027 -30.5086 WYNBR 160.0
136.6298 -31.7239 YALYM 94.0
134.9738 -30.997 YERDA 148.0
137.0388 -31.9729 YUDNA 126.0
