136.803 -28.7625 AEB01 8.0
135.3248 -25.9877 AEB02 159.0
136.3783 -25.984 AEB03 85.0
135.5654 -29.0204 AEB04 109.0
137.1455 -25.9918 AEB05 41.0
137.9811 -25.9879 AEB06 33.0
139.4905 -26.3257 AEB07 28.0
138.77 -27.32827 AEB08 36.0
139.4397 -26.9161 AEB09 32.0
138.7889 -25.9134 AEB10 32.0
138.6856 -28.0118 AEB11 63.7
138.6539 -28.7039 AEB12 28.8
138.3455 -29.3233 AEB13 58.0
137.6711 -29.64041 AEB14 80.0
136.726 -29.3061 AEB15 40.7
136.4092 -28.8404 AEB16 95.0
135.8991 -28.2366 AEB17 104.0
135.2305 -27.3088 AEB18 150.2
134.889 -26.8503 AEB19 188.6
134.4426 -26.361 AEB20 291.7
133.7975 -26.2685 AES01 377.8
134.11236 -26.75206 AES02 259.0
134.4371 -27.1586 AES03 218.0
135.4166 -28.4765 AES04 104.0
135.1635 -29.0538 AES05 139.0
136.1081 -29.365 AES06 108.0
134.8556 -26.1095 AES07 220.6
135.231 -26.662 AES08 167.2
135.9046 -27.3482 AES09 139.0
136.4672 -28.122 AES10 28.3
136.3034 -27.8676 AES11 73.0
136.9962 -29.0702 AES12 27.1
136.8899 -29.7977 AES13 66.0
135.8522 -28.9284 AES14 136.0
136.168 -28.8634 AES15 101.0
135.1015 -28.0148 AES16 89.0
137.5925 -26.1281 AES17 30.0
137.3698 -25.85609 AES18 4.9
137.66465 -25.75005 AES19 42.0
134.2701 -25.7314 AES20 328.7