136.9082 -30.9951 ARCOO 5.1
136.446 -29.9706 BILLA 4.7
135.4589 -30.4974 BONBO 5.3
137.4188 -30.9502 BOSWO 5.3
134.5345 -30.2996 BULGU 5.2
135.4868 -30.9388 COOND 5.2
133.998 -29.5254 DOGFC 5.6
133.5096 -29.5042 DOGFM 5.7
135.877 -31.1009 GLENA 5.3
134.9962 -29.4664 INGOM 5.1
137.5351 -31.8992 KOOTA 5.4
135.0011 -29.9927 MCDOU 5.4
135.9991 -30.025 MILCK 5
133.4994 -30.0096 MOBEL 5.6
135.5218 -30.0524 MTEBA 5.1
139.0029 -29.9956 MTLYN 5.1
137.6023 -30.3368 MULGA 5.6
137.0145 -31.5048 OOAKD 5.2
136.5042 -30.4952 PARAK 4.9
137.4538 -31.5619 SOGAP 5.2
137.078 -30.0522 STUCK 5.3
135.4793 -29.526 TWINS 5
139.334 -30.6841 WERTA 5.1
135.0268 -30.5262 WHYML 5.4
134.5141 -30.661 WILGE 5
138.5029 -29.9992 WILPO 5
136.2912 -31.4399 WIRRA 5.1
139.3886 -31.195 WIRRE 5.6
138.0055 -29.9873 WITCH 4.8
136.3277 -30.9024 WPARC 5.1
135.9573 -30.5741 WPARP 5
133.5027 -30.5086 WYNBR 6
136.6298 -31.7239 YALYM 5
134.9738 -30.997 YERDA 5
137.0388 -31.9729 YUDNA 5.2