-28.0118	138.6856	90	1	AEB11
-28.84038	136.40925	90	1	AEB16
-26.85031	134.88899	90	1	AEB19
-26.36104	134.44265	90	1	AEB20
-28.23664	135.89865	90	1	AEB17
-27.3088	135.2305	90	1	AEB18
-29.365		136.1081	90	1	AES06
-26.1095	134.85565	90	1	AES07
-26.662		135.23101	90	1	AES08
-28.12196	136.46718	90	1	AES10
-27.8676	136.30335	90	1	AES11
-29.07021	136.99616	90	1	AES12
-29.79769	136.88997	90	1	AES13
-28.47651	135.41656	0	1	AES04
-26.26839	133.7975	0	1	AES01
-28.0148	135.1015	0	1	AES16
-27.34817	135.90461	0	1	AES09
-25.98769	135.32477	0	1	AEB02
-29.5042	133.5096	90	1	DOGFM
-29.5254	133.998		90	1	DOGFC