-29.0204	135.5654	39.811	AEB04
-26.9161	139.4397	39.816	AEB09		
-28.0118	138.6856	40.786	AEB11
-28.70387	138.65393	38.478	AEB12
-29.32332	138.34551	40.953	AEB13
-29.6404	137.6711	45.329	AEB14
-29.30604	136.72601	42.452	AEB15
-28.84038	136.40925	42.838	AEB16	
-27.3088	135.2305	48.138	AEB18
-28.47651	135.41656	43.555	AES04
-29.365		136.1081	44.737	AES06
-26.1095	134.85565	42.619	AES07
-26.662		135.23101	43.229	AES08
-28.12196	136.46718	45.506	AES10
-29.07021	136.99616	44.344	AES12
-29.79769	136.88997	44.5	AES13
-28.9284	135.8522	39.611	AES14
-28.86343	136.16799	40.05	AES15
-28.0148	135.1015	48.906	AES16
-25.85609	137.3698	41.749	AES18
-25.7314	134.2701	47.076	AES20