-25.98769	135.32477	38.061	49.631	AEB02
-25.98406	136.37827	36.554	51.684	AEB03
-25.99184	137.14548	40.988	50.778	AEB05
-26.3257	139.4905	42.856	52.646	AEB07
-27.3283	138.77		38.868	47.768	AEB08
-25.9134	138.7889	39.358	50.038	AEB10
-28.23664	135.89865	39.422	50.102	AEB17
-26.85031	134.88899	41.345	48.465	AEB19
-26.36104	134.44265	38.943	45.173	AEB20
-26.26839	133.7975	44.500 	48.950	AES01
-27.34817	135.90461	37.135	45.145	AES09
-27.8676	136.30335	39.557	46.677	AES11
-26.1281	137.59248	42.416	51.316	AES17
-25.75005	137.66465	42.016	50.026	AES19