-28.7625 136.803 0.59 AEB01
-25.9877 135.3248 1.13 AEB02
-25.984 136.3783 1.14 AEB03
-29.0204 135.5654 0.34 AEB04
-25.9918 137.1455 1.28 AEB05
-26.3257 139.4905 1.09 AEB07
-27.32827 138.77 1.01 AEB08
-26.9161 139.4397 1.16 AEB09
-25.9134 138.7889 1.08 AEB10
-28.0118 138.6856 0.86 AEB11
-28.7039 138.6539 0.83 AEB12
-29.3233 138.3455 0.66 AEB13
-29.64041 137.6711 0.32 AEB14
-29.3061 136.726 0.24 AEB15
-28.8404 136.4092 0.53 AEB16
-28.2366 135.8991 0.18 AEB17
-27.3088 135.2305 0.44 AEB18
-26.8503 134.889 0.58 AEB19
-26.361 134.4426 0.55 AEB20
-26.2685 133.7975 0.01 AES01
-26.75206 134.11236 0.44 AES02
-27.1586 134.4371 0.48 AES03
-28.4765 135.4166 0.45 AES04
-29.365 136.1081 0.39 AES06
-26.1095 134.8556 1.19 AES07
-26.662 135.231 0.63 AES08
-27.3482 135.9046 0.55 AES09
-28.122 136.4672 0.42 AES10
-27.8676 136.3034 0.48 AES11
-29.0702 136.9962 0.44 AES12
-29.7977 136.8899 0.06 AES13
-28.9284 135.8522 0.26 AES14
-28.8634 136.168 0.02 AES15
-28.0148 135.1015 0.56 AES16
-26.1281 137.5925 1.26 AES17
-25.85609 137.3698 1.29 AES18
-25.75005 137.66465 1.26 AES19
-25.7314 134.2701 0.12 AES20