-28.99593 140.99979 0.78 CU01
-29.56295 141.00046 0.7 CU02
-30.10126 140.99956 0.5 CU03
-30.69608 141.07238 0.48 CU04
-31.25441 141.23985 0.0 CU05
-31.88167 141.03931 0.04 CU06
-32.33832 140.96421 0.0 CU07
-32.79059 140.96555 0.36 CU08
-29.31007 140.65188 0.8 CU09
-29.96164 140.4228 0.6 CU10
-30.60191 140.44265 0.68 CU11
-31.18418 140.43943 0.04 CU12
-31.78437 140.40139 0.08 CU13
-32.2925 140.41356 0.0 CU14
-32.81875 140.42457 0.16 CU15
-29.89564 139.7331 0.2 CU16
-30.37392 139.86466 1.0 CU17
-31.22024 139.81059 0.4 CU18
-31.69925 139.93513 0.24 CU19
-32.3139 139.89688 0.0 CU20
-32.85386 139.89266 0.04 CU21
-30.63923 139.34086 0.16 CU22
-31.19729 139.32077 0.59 CU23
-31.74935 139.38834 0.2 CU24
-32.29946 139.3495 0.0 CU25
-32.66567 139.40776 0.0 CU26
-30.65557 138.82471 0.0 CU27
-31.09107 138.6775 0.04 CU28
-31.61759 138.88328 0.04 CU29
-32.18816 138.86196 0.08 CU30
-32.85642 138.80821 0.04 CU31
-32.60369 137.23773 0.04 CU33
-31.97045 138.03088 0.2 CU34
-33.8908 140.9353 0.7 CU35
-24.7972 139.5949 0.71 AQT08
-24.695 141.3096 0.73 AQTF2
-24.9475 140.7598 0.88 AQTG1
-25.3829 141.5433 0.9 AQTG2
-24.962 141.8919 1.09 AQTG3
-25.9378 141.8491 1.27 AQTH2
-26.8264 141.5488 1.13 AQTJ1
-27.3059 141.7822 1.25 AQTK1
-26.9517 129.9253 0.03 ASR01
-26.9976 131.9673 0.04 ASR02
-26.9476 133.0033 0.01 ASR03
-28.5507 131.0801 0.13 ASR04
-28.8597 132.5908 0.13 ASR05
-29.9604 130.0573 0.18 ASR06
-30.0131 136.0188 0.25 ASR07
-30.4526 131.8488 0.11 ASR08
-31.8177 132.9787 0.01 ASR09
-33.0682 135.1266 0.1 ASR10
-28.0118 138.6856 0.86 ASR12
-29.4022 130.7382 0.09 ASR13
-32.809601 136.058304 0.02 BBOO
-30.779 128.059 0.48 FORT
-33.4306 138.9217 0.02 HTT
-35.979099 136.907806 0.02 KELC
-30.447201 138.216202 0.18 LCRK
-30.281799 134.058502 0.02 MULG
-27.794399 135.688004 0.08 OOD
-34.507301 139.337997 0.05 SDAN
-25.0375 128.296097 0.0 WRKA
-31.866301 138.311905 0.05 YAPP
-34.2637 135.7219 0.28 AUCAS
-33.2047 138.6098 0.04 AUJCS
-34.8916 138.6357 0.02 AUMAR
-35.134 139.2859 0.02 AUMBR
-34.1728 140.7404 0.79 AURMK
-24.92318 133.30189 0.12 BL16
-25.54872 133.11106 0.18 BL17
-26.1459 133.29505 0.02 BL18
-26.67183 133.30983 0.06 BL19
-27.37108 133.53237 0.06 BL20
-27.93073 134.16276 0.42 BL21
-28.99776 134.40654 0.34 BL22
-30.19347 134.62849 0.22 BL23
-31.27692 135.28295 0.02 BL24
-32.14589 135.09094 0.02 BL25
-34.39907 135.65369 0.28 GW01
-33.9368 135.64839 0.2 GW02
-33.95514 136.19453 0.08 GW03
-33.50183 135.11073 0.04 GW04
-33.48741 135.64685 0.04 GW05
-33.50623 136.20712 0.0 GW06
-33.50658 136.70659 0.04 GW07
-33.06782 135.12693 0.16 GW08
-33.0568 135.65208 0.04 GW09
-33.0589 136.19965 0.04 GW10
-33.01872 136.81107 0.04 GW11
-33.02158 137.22137 0.04 GW12
-32.61597 134.60772 0.08 GW13
-32.59692 135.13681 0.04 GW14
-32.60312 135.64483 0.04 GW15
-32.59215 136.16037 0.0 GW16
-32.60531 136.71991 0.04 GW17
-32.60369 137.23773 0.04 GW18
-32.14589 135.09094 0.04 GW19
-32.14211 135.68479 0.04 GW20
-32.1582 136.43898 0.04 GW21
-32.10751 137.21305 0.04 GW22
-31.69421 135.64547 0.04 GW23
-31.7329 136.44503 0.04 GW24
-31.70281 137.24559 0.04 GW25
-31.25448 136.16187 0.08 GW26
-31.26847 136.67567 0.08 GW27
-31.27037 137.23748 0.08 GW28
-31.27321 138.28107 0.52 GW29
-30.77174 136.72902 0.08 GW30
-30.78943 137.17104 0.08 GW31
-30.82165 138.24308 0.08 GW32
-34.99736 137.60895 0.28 GW33
-33.54396 138.12696 0.08 GW34
-31.9705 138.0309 0.2 GW35
-28.7625 136.803 0.59 AEB01
-25.9877 135.3248 1.13 AEB02
-25.984 136.3783 1.14 AEB03
-29.0204 135.5654 0.34 AEB04
-25.9918 137.1455 1.28 AEB05
-26.3257 139.4905 1.09 AEB07
-27.32827 138.77 1.01 AEB08
-26.9161 139.4397 1.16 AEB09
-25.9134 138.7889 1.08 AEB10
-28.0118 138.6856 0.86 AEB11
-28.7039 138.6539 0.83 AEB12
-29.3233 138.3455 0.66 AEB13
-29.64041 137.6711 0.32 AEB14
-29.3061 136.726 0.24 AEB15
-28.8404 136.4092 0.53 AEB16
-28.2366 135.8991 0.18 AEB17
-27.3088 135.2305 0.44 AEB18
-26.8503 134.889 0.58 AEB19
-26.361 134.4426 0.55 AEB20
-26.2685 133.7975 0.01 AES01
-26.75206 134.11236 0.44 AES02
-27.1586 134.4371 0.48 AES03
-28.4765 135.4166 0.45 AES04
-29.365 136.1081 0.39 AES06
-26.1095 134.8556 1.19 AES07
-26.662 135.231 0.63 AES08
-27.3482 135.9046 0.55 AES09
-28.122 136.4672 0.42 AES10
-27.8676 136.3034 0.48 AES11
-29.0702 136.9962 0.44 AES12
-29.7977 136.8899 0.06 AES13
-28.9284 135.8522 0.26 AES14
-28.8634 136.168 0.02 AES15
-28.0148 135.1015 0.56 AES16
-26.1281 137.5925 1.26 AES17
-25.85609 137.3698 1.29 AES18
-25.75005 137.66465 1.26 AES19
-25.7314 134.2701 0.12 AES20
-27.27816 133.76496 0.05 MAL05
-27.26923 133.94184 0.13 MAL10
-27.2525 134.11642 0.31 MAL15
-27.19471 134.26813 0.37 MAL20
-27.1587 134.40244 0.4 MAL24
-27.165 134.61427 0.2 MAL30
-27.21707 134.77822 0.27 MAL35
-27.2757 134.94214 0.39 MAL40
-27.32291 135.12558 0.41 MAL45
-27.30937 135.30252 0.63 MAL50
-27.28651 135.43654 0.79 MAL54
-27.29088 135.61495 0.59 MAL59
-27.32335 135.78294 0.78 MAL64
-33.78384 135.83383 0.0 SOC07
-32.51766 136.51275 0.04 SOC08
-31.66921 137.06123 0.08 SOC09
-29.71192 137.06241 0.04 SOC10
-31.97051 138.02639 0.2 SOC11
-31.09103 138.67746 0.08 SOC12
-29.89445 139.73302 0.12 SOC13
-31.38693667 139.81054 0.4 SOC14
-32.31969 139.86504 0.0 SOC15
-31.5931 140.79349 0.08 SOC16
-30.45503333 139.34082 0.04 SOC17
-28.6002 140.265 1.32 SB03
-35.03666 140.1462 0.44 SB06
-25.19 133.3241 0.12 SC10
-25.1907 133.3251 0.12 SD02
-28.5104 128.9887 0.08 SD04
-29.0013 133.5851 0.08 SD05
-28.4963 135.9021 0.2 SD06
-30.7208 130.4109 0.4 SD08
-30.4324 139.4215 0.52 SD09
-32.8436 136.0657 0.0 SD10
-31.2544 141.2399 0.0 E1B1
-31.7359 141.2174 0.24 E1C1
-32.1841 141.1521 0.04 E1D1
-32.7092 141.1433 0.25 E1E1
-33.2098 141.189 0.88 E1F1
-31.6692 137.0136 0.12 GA05
-32.1567 135.0984 0.0 GA06
-31.518 136.5129 0.0 GA07
-33.7831 135.8374 0.0 GA08
-25.6821 134.7647 0.72 TL09
-30.741 137.2283 0.12 TL15
-31.6571 139.5719 0.24 TL17
-32.5109 138.8831 0.0 TL18
-30.9951 136.9082 0.11 ARCOO
-29.9706 136.446 0.1 BILLA
-30.4974 135.4589 0.03 BONBO
-30.2996 134.5345 0.02 BULGU
-30.9388 135.4868 0.04 COOND
-29.5042 133.5096 0.02 DOGFM
-29.4664 134.9962 0.12 INGOM
-31.8992 137.5351 0.05 KOOTA
-29.9927 135.0011 0.0 MCDOU
-31.5051 138.1206 0.69 MERNA
-30.025 135.9991 0.25 MILCK
-30.0096 133.4994 0.03 MOBEL
-30.0524 135.5218 0.11 MTEBA
-29.9956 139.0029 0.02 MTLYN
-30.3368 137.6023 0.06 MULGA
-30.9485 138.1504 0.54 NILPI
-31.5048 137.0145 0.05 OOAKD
-30.4952 136.5042 0.15 PARAK
-31.5619 137.4538 0.07 SOGAP
-30.0522 137.078 0.06 STUCK
-29.526 135.4793 0.04 TWINS
-30.6841 139.334 0.09 WERTA
-30.5262 135.0268 0.11 WHYML
-30.661 134.5141 0.11 WILGE
-29.9992 138.5029 0.1 WILPO
-31.4399 136.2912 0.06 WIRRA
-31.195 139.3886 0.58 WIRRE
-29.9873 138.0055 0.04 WITCH
-30.9024 136.3277 0.09 WPARC
-30.5741 135.9573 0.08 WPARP
-30.5086 133.5027 0.02 WYNBR
-31.9729 137.0388 0.05 YUDNA