-28.7625 136.803 0.59 1.46 AEB01 nan nan
-25.9877 135.3248 1.13 nan AEB02 .18 .09
-25.984 136.3783 1.14 nan AEB03 .17 .17
-29.0204 135.5654 0.34 0.86 AEB04 0.52 .09
-25.9918 137.1455 1.28 nan AEB05 .15 .07
-26.3257 139.4905 1.09 nan AEB07 .17 .09
-27.32827 138.77 1.01 nan AEB08 0.17 .14
-26.9161 139.4397 1.16 nan AEB09 0.16 .12
-25.9134 138.7889 1.08 nan AEB10 0.17 .14
-28.0118 138.6856 0.86 nan AEB11 0.20 .10
-28.7039 138.6539 0.83 nan AEB12 0.23 .04
-29.3233 138.3455 0.66 1.44 AEB13 0.34 .06
-29.64041 137.6711 0.32 0.59 AEB14 0.73 .03
-29.3061 136.726 0.24 0.54 AEB15 0.95 .05
-28.8404 136.4092 0.53 .95 AEB16 0.48 .05
-28.2366 135.8991 0.18 0.58 AEB17 nan nan
-27.3088 135.2305 0.44 .84 AEB18 0.53 .08
-26.8503 134.889 0.58 1.13 AEB19 0.42 .06
-26.361 134.4426 0.55 1.43 AEB20 0.35 .08
-26.2685 133.7975 0.01 nan AES01 nan nan
-26.75206 134.11236 0.44 .74 AES02 0.53 .07
-27.1586 134.4371 0.48 .77 AES03 0.57 .07
-28.4765 135.4166 0.45 1.11 AES04 0.37 .05
-29.365 136.1081 0.39 .54 AES06 nan nan
-26.1095 134.8556 1.19 nan AES07 .17 .09
-26.662 135.231 0.63 1.28 AES08 0.37 .11
-27.3482 135.9046 0.55 .96 AES09 .46 .09
-28.122 136.4672 0.42 0.75 AES10 0.59 .06
-27.8676 136.3034 0.48 1.02 AES11 0.46 .08
-29.0702 136.9962 0.44 1.02 AES12 0.37 .03
-29.7977 136.8899 0.06 nan AES13 nan nan
-28.9284 135.8522 0.26 0.54 AES14 nan nan
-28.8634 136.168 0.02 nan AES15 nan nan
-28.0148 135.1015 0.56 1.26 AES16 0.33 .08
-26.1281 137.5925 1.26 nan AES17 0.16 0.1
-25.85609 137.3698 1.29 nan AES18 .15 .09
-25.75005 137.66465 1.26 nan AES19 0.16 0.1
-25.7314 134.2701 0.12 0.46 AES20 1.0 0.19
