-28.762 136.803 0.59 AEB01 395.03 0.295
-25.988 135.325 1.13 AEB02 948.17 0.2
-25.984 136.378 1.14 AEB03 2254.4 0.34
-29.02 135.565 0.34 AEB04 117.61 0.124
-25.992 137.145 1.28 AEB05 2540.9 0.089
-26.326 139.49 1.09 AEB07 1827.8 0.295
-26.916 139.44 1.16 AEB09 2080.0 0.162
-28.012 138.686 0.86 AEB11 1271.0 0.153
-28.704 138.654 0.83 AEB12 1365.4 0.373
-29.323 138.345 0.66 AEB13 547.36 0.062
-29.64 137.671 0.32 AEB14 0.844 0.195
-28.84 136.409 0.53 AEB16 395.03 0.15
-28.237 135.899 0.18 AEB17 84.871 0.026
-27.309 135.231 0.44 AEB18 434.59 0.321
-26.85 134.889 0.58 AEB19 227.19 0.151
-26.361 134.443 0.55 AEB20 228.47 0.257
-26.268 133.798 0.01 AES01 32.416 0.005
-26.752 134.112 0.44 AES02 258.54 0.13
-27.159 134.437 0.48 AES03 94.824 0.187
-28.477 135.417 0.45 AES04 390.08 0.208
-29.365 136.108 0.39 AES06 1067.6 0.193
-26.11 134.856 1.19 AES07 1589.6 0.421
-26.662 135.231 0.63 AES08 776.69 0.264
-27.348 135.905 0.55 AES09 160.06 0.166
-28.122 136.467 0.42 AES10 294.7 0.255
-27.868 136.303 0.48 AES11 219.81 0.208
-29.798 136.89 0.06 AES13 655.55 0.331
-28.928 135.852 0.26 AES14 51.53 0.233
-28.863 136.168 0.02 AES15 90.784 0.144
-28.015 135.101 0.56 AES16 1382.9 0.34
-26.128 137.593 1.26 AES17 2902.3 0.307
-25.856 137.37 1.29 AES18 2540.9 0.215
-25.731 134.27 0.12 AES20 84.341 0.368