#### 5G - Lake Eyre Basin Array

### Latitude Longitude Psm1(s) Psm2(s) Psb(s) Station [Psm1-Psb(s)] [Psm2-Psb(s)] Sediment Thickness(km) Moho1(km) Moho2(km) 

-28.76255	136.803		--	--	--	AEB01	--	--	0.395	--	--
-25.98769	135.32477	5.3	6.6	1.13	AEB02	4.17	5.47	0.948	38.061	49.631
-25.98406	136.37827	5	6.7	1.14	AEB03	3.86	5.56	2.2	36.554	51.684
-29.0204	135.5654	4.8	--	0.34	AEB04	4.46	--	0.117	39.811	--
-25.99184	137.14548	5.6	6.7	1.28	AEB05	4.32	5.42	2.54	40.988	50.778
-26.3257	139.4905	5.6	6.8	1.09	AEB07	4.51	5.71	1.827	41.966	52.646
-27.3283	138.77		5.2	6.2	1.01	AEB08	4.19	5.19	1.577	38.868	47.768
-26.9161	139.4397	5.4	--	1.16	AEB09	4.24	--	2.08	39.816	--
-25.9134	138.7889	5.3	6.5	1.08	AEB10	4.22	5.42	1.8	39.358	50.038
-28.0118	138.6856	5.3	--	0.86	AEB11	4.44	--	1.27	40.786	--
-28.70387	138.65393	5	--	0.83	AEB12	4.17	--	1.365	38.478	--
-29.32332	138.34551	5.2	--	0.66	AEB13	4.54	--	0.547	40.953	--
-29.6404	137.6711	5.4	--	0.32	AEB14	5.08	--	0.117	45.329	--
-29.30604	136.72601	5	--	0.24	AEB15	4.76	--	0.088	42.452	--
-28.84038	136.40925	5.3	--	0.53	AEB16	4.77	--	0.385	42.838	--
-28.23664	135.89865	4.6	5.8	0.18	AEB17	4.42	5.62	0.084	39.422	50.102
-27.3088	135.2305	5.8	--	0.44	AEB18	5.36		0.434	48.138	
-26.85031	134.88899	5.2	6	0.58	AEB19	4.62	5.42	0.227	41.345	48.465
-26.36104	134.44265	4.9	5.6	0.55	AEB20	4.35	5.05	0.228	38.943	45.173
-26.26839	133.7975	5	5.5	0	AES01	5	5.5	0	44.5	48.95
-26.75206	134.11236	--	--	0.44	AES02	--	--	0.258	--	--
-27.15861	134.43713	--	--	0.48	AES03	--	--	0.094	--	--
-28.47651	135.41656	5.3	--	0.45	AES04	4.85	--	0.39	43.555	--
-29.365		136.1081	5.4	--	0.39	AES06	5.01	--	0.148	44.737	--
-26.1095	134.85565	5.8	--	1.19	AES07	4.61	--	1.59	42.619	--
-26.662		135.23101	5.4	--	0.63	AES08	4.77	--	0.776	43.229	--
-27.34817	135.90461	4.7	5.6	0.55	AES09	4.15	5.05	0.2	37.135	45.145
-28.12196	136.46718	5.5		0.42	AES10	5.08	--	0.294	45.506	--
-27.8676	136.30335	4.9	5.7	0.48	AES11	4.42	5.22	0.219	39.557	46.677
-29.07021	136.99616	5.4	--	0.44	AES12	4.96	--	0.2	44.344	--
-29.79769	136.88997	5	--	0	AES13	5	--	0	44.5	--
-28.9284	135.8522	4.7	--	0.26	AES14	4.44	--	0.095	39.611	--
-28.86343	136.16799	4.5	--	0	AES15	4.5	--	0	40.05	--
-28.0148	135.1015	5.9	--	0.56	AES16	5.34	--	1.38	48.906	--
-26.1281	137.59248	5.7	6.7	1.26	AES17	4.44	5.44	2.9	42.416	51.316
-25.85609	137.3698	5.7	--	1.29	AES18	4.41	--	2.5	41.749	--
-25.75005	137.66465	5.7	6.6	1.26	AES19	4.44	5.34	2.5	42.016	50.026
-25.7314	134.2701	5.4	--	0.12	AES20	5.28	--	0.084	47.076	--


##### 6K - AusArray-SA 
### Latitude Longitude Psm1(s) Psb(s) Station [Psm1-Psb(s)] Sediment Thickness(km) Moho1(km) Moho2(km) 
136.9082	-30.9951	5.1	0	ARCOO	5.1	0	45.39	45.39
136.446		-29.9706	4.7	0	BILLA	4.7	0	41.83	41.83
135.4589	-30.4974	5.3	0	BONBO	5.3	0	47.17	47.17
137.4188	-30.9502	5.3	0	BOSWO	5.3	0	47.17	47.17
134.5345	-30.2996	5.2	0	BULGU	5.2	0	46.28	46.28
135.4868	-30.9388	5.2	0	COOND	5.2	0	46.28	46.28
133.998		-29.5254	5.6	0	DOGFC	5.6	0	49.84	49.84
133.5096	-29.5042	5.7	0	DOGFM	5.7	0	50.73	50.73
135.877		-31.1009	5.3	0	GLENA	5.3	0	47.17	47.17
134.9962	-29.4664	5.1	0	INGOM	5.1	0	45.39	45.39
137.5351	-31.8992	5.4	0	KOOTA	5.4	0	48.06	48.06
135.0011	-29.9927	5.4	0	MCDOU	5.4	0	48.06	48.06
138.1206	-31.5051	--	--	MERNA	--	--	--	--
135.9991	-30.025		5	0.25	MILCK	4.75	0.0915	42.275	42.3665
133.4994	-30.0096	5.6	0	MOBEL	5.6	0	49.84	49.84
135.5218	-30.0524	5.1	0	MTEBA	5.1	0	45.39	45.39
139.0029	-29.9956	5.1	0	MTLYN	5.1	0	45.39	45.39
137.6023	-30.3368	5.6	0	MULGA	5.6	0	49.84	49.84
138.1504	-30.9485	--	--	NILPI	--	--	--	--
137.0145	-31.5048	5.2	0	OOAKD	5.2	0	46.28	46.28
136.5042	-30.4952	4.9	0	PARAK	4.9	0	43.61	43.61
137.4538	-31.5619	5.2	0	SOGAP	5.2	0	46.28	46.28
137.078		-30.0522	5.3	0	STUCK	5.3	0	47.17	47.17
135.4793	-29.526		5	0	TWINS	5	0	44.5	44.5
139.334		-30.6841	5.1	0	WERTA	5.1	0	45.39	45.39
135.0268	-30.5262	5.4	0.11	WHYML	5.29	0.04026	47.081	47.12126
134.5141	-30.661		5	0.11	WILGE	4.89	0.04026	43.521	43.56126
138.5029	-29.9992	5	0	WILPO	5	0	44.5	44.5
136.2912	-31.4399	5.1	0	WIRRA	5.1	0	45.39	45.39
139.3886	-31.195		5.6	0.58	WIRRE	5.02	0.21228	44.678	44.89028
138.0055	-29.9873	4.8	0	WITCH	4.8	0	42.72	42.72
136.3277	-30.9024	5.1	0	WPARC	5.1	0	45.39	45.39
135.9573	-30.5741	5	0	WPARP	5	0	44.5	44.5
133.5027	-30.5086	6	0	WYNBR	6	0	53.4	53.4
136.6298	-31.7239	5	0	YALYM	5	0	44.5	44.5
134.9738	-30.997		5	0	YERDA	5	0	44.5	44.5
137.0388	-31.9729	5.2	0	YUDNA	5.2	0	46.28	46.28
