###########################################################
## 139 earthquakes recorded by the Lake Eyre Basin array between Nov 2018 and June 2022.
## Columns: latitude longitude depth (km) time_residual (s) time_occurrence Mlv (station averaged)
-28.343	135.891	8.435	0.384	2018-11-8T2:4:53.837	0.898
-28.892	136.745	10.335	0.235	2018-11-11T20:40:52.406	1.399
-28.629	136.327	9.952	0.263	2018-11-13T15:19:57.365	0.954
-28.274	135.984	10.651	0.097	2018-11-16T20:24:59.030	0.356
-29.213	137.326	10.869	0.608	2018-11-27T12:54:15.662	1.681
-30.327	137.127	12.972	0.236	2018-12-4T19:51:4.462	1.657
-30.526	136.957	9.999	0.209	2018-12-8T19:48:7.990	1.326
-28.589	136.245	9.391	0.257	2019-01-7T19:13:49.936	0.857
-26.174	135.167	10.06	0.257	2019-01-8T10:58:42.472	0.5
-27.446	135.345	10.859	0.06	2019-01-25T22:27:37.820	1.004
-28.595	136.008	10.307	0.292	2019-03-5T10:15:27.618	1.624
-27.407	135.439	10.168	0.683	2019-05-2T3:58:39.993	2.89
-27.525	135.444	10.784	0.11	2019-05-7T11:4:22.635	1.168
-27.569	135.354	9.858	0.148	2019-05-25T15:5:48.759	1.533
-27.606	135.434	10.084	0.151	2019-05-25T15:20:9.223	1.275
-27.43	135.246	9.724	0.123	2019-07-4T16:43:4.524	1.863
-27.414	135.278	10.484	0.273	2019-07-6T0:19:43.094	2.013
-28.831	137.125	5.949	0.353	2019-07-24T23:42:28.134	2.834
-28.235	135.745	9.989	0.259	2019-08-19T12:6:34.085	0.991
-27.495	135.355	9.184	0.208	2019-08-25T10:28:0	0.879
-26.198	135.789	9.567	0.264	2019-08-27T23:42:30.691	1.969
-28.106	135.774	8.805	0.146	2019-08-29T1:39:0.244	1.153
-28.333	136.589	10.155	0.166	2019-08-31T17:42:49.949	0.692
-28.532	136.059	10.172	0.189	2019-09-13T9:27:28.876	1.013
-28.319	135.962	8.715	0.169	2019-09-30T20:52:39.792	0.547
-28.576	136.155	10.439	0.117	2019-10-2T6:39:14.644	0.907
-25.664	137.076	6.35	0.499	2019-10-4T16:35:22.267	3.678
-29.144	137.016	10.103	0.174	2019-10-20T22:45:39.161	1.385
-28.673	136.318	10.421	0.169	2019-10-25T14:19:49.187	0.487
-28.107	135.885	9.926	0.226	2019-11-2T9:36:42.109	1.021
-28.227	135.887	9.674	0.307	2019-11-5T21:6:10.162	1.212
-28.131	135.738	10.766	0.226	2019-11-10T20:55:7.533	0.482
-25.783	137.418	10.759	0.176	2019-11-13T15:31:53.936	1.095
-27.85	135.686	10.11	0.224	2019-11-22T16:17:46.434	1.01
-28.387	136.035	9.924	0.212	2019-12-6T15:38:18.116	0.437
-30.423	136.942	10.535	0.503	2019-12-23T19:49:31.600	2.091
-30.549	136.934	9.415	0.214	2020-01-20T19:51:32.920	1.776
-29.18	137.048	9.584	0.226	2020-02-6T18:51:39.134	1.242
-28.523	136.063	8.768	0.19	2020-02-19T17:6:1.879	0.437
-27.882	135.704	10.934	0.418	2020-02-22T9:50:25.164	3.222
-28.252	135.832	9.967	0.191	2020-03-4T16:53:38.093	0.933
-28.368	136.022	10.472	0.164	2020-03-14T13:21:1.257	0.491
-27.789	135.445	8.543	0.269	2020-03-27T15:47:0.925	0.881
-28.245	135.919	9.925	0.132	2020-03-29T17:19:42.701	0.656
-28.101	135.842	9.931	0.224	2020-03-29T18:54:29.939	1.641
-27.568	136.662	9.934	0.228	2020-03-30T8:21:15.855	1.372
-28.124	135.787	9.404	0.226	2020-04-1T9:34:22.799	0.356
-31.001	137.209	11.444	0.078	2020-04-12T7:15:33.003	1.692
-28.488	136.007	10.707	0.067	2020-04-25T14:8:37.547	0.025
-29.112	134.792	8.402	0.261	2019-10-21T11:9:51.413	1.406
-28.827	136.421	10.055	0.157	2020-11-20T20:51:9.634	0.981
-27.948	135.815	9.973	0.345	2020-11-24T12:58:31.465	0.843
-28.686	136.269	10.135	0.149	2020-11-27T21:46:53.437	0.585
-27.333	134.861	9.361	0.147	2020-12-6T12:21:30.961	1.239
-28.712	136.261	9.821	0.212	2020-12-21T4:56:31.228	0.904
-27.89	136.46	9.824	0.093	2020-12-22T18:5:19.886	0.568
-28.705	136.251	9.564	0.143	2020-12-25T2:1:9.710	0.733
-26.789	135.244	9.672	0.223	2020-12-28T16:19:25.214	1.158
-28.648	136.256	10.156	0.145	2021-01-1T16:39:39.433	0.1
-28.1	135.703	8.873	0.259	2021-01-1T17:33:57.575	1.844
-28.748	135.702	10.45	0.27	2021-01-20T23:33:13.321	2.455
-28.893	136.447	10.461	0.171	2021-01-26T15:34:6.932	0.479
-28.371	135.909	10.11	0.188	2021-02-11T20:37:40.110	0.702
-28.227	135.803	9.809	0.179	2021-02-19T19:56:6.029	1.329
-28.443	136.306	10.268	0.185	2021-02-20T6:57:55.806	0.353
-29.663	137.553	9.178	0.203	2021-02-20T7:36:40.130	0.802
-28.135	135.867	9.816	0.141	2021-02-24T16:42:35.173	0.006
-28.695	136.31	9.626	0.205	2021-02-25T6:48:42.411	1.998
-27.523	135.294	9.827	0.19	2021-03-3T21:35:20.174	0.727
-29.501	137.506	9.396	0.272	2021-03-6T14:7:39.761	0.959
-29.027	136.791	10.184	0.102	2021-03-6T14:13:8.057	0.361
-28.54	138.375	10.262	0.31	2021-03-31T5:30:20.517	1.309
-27.98	135.693	9.908	0.141	2021-04-6T11:44:31.760	0.207
-30.008	138.308	9.008	0.256	2021-04-15T9:52:22.269	3.064
-28.571	136.198	9.919	0.095	2021-04-17T21:57:2.754	0.391
-28.39	136.021	10.075	0.294	2021-04-26T12:4:16.439	0.698
-29.204	137.544	10.508	0.251	2021-04-28T13:2:58.627	1.363
-29.663	137.766	10.2	0.335	2021-05-4T21:0:0.570	1.3
-27.383	135.118	10.811	0.217	2021-05-19T22:47:38.934	1.153
-28.505	136.302	10.835	0.203	2021-05-19T23:32:43.491	1.214
-28.768	136.286	9.925	0.186	2021-05-20T5:5:14.938	1.107
-28.93	136.841	10.487	0.153	2021-05-20T21:55:22.823	0.42
-30.394	137.061	6.459	0.356	2021-05-29T20:54:21.507	1.726
-25.869	137.518	9.728	0.162	2021-06-3T5:49:3.612	1.273
-27.705	135.49	10.144	0.156	2021-06-6T9:38:48.504	0.522
-29.038	136.707	9.751	0.298	2021-06-7T9:49:56.814	0.971
-27.599	135.389	9.595	0.19	2021-06-11T23:0:27.153	1.113
-28.226	135.941	9.917	0.441	2021-06-20T11:44:23.531	1.828
-28.933	136.508	9.954	0.35	2021-06-29T7:40:7.921	0.639
-28.718	136.287	10.237	0.13	2021-07-6T12:57:9.514	0.517
-28.243	136.442	5.166	0.237	2021-07-7T6:43:20.114	1.973
-30.618	137.001	9.443	0.312	2021-07-9T4:30:7.384	1.744
-28.237	135.753	10.183	0.186	2021-07-14T10:50:22.142	0.489
-28.407	136.471	9.578	0.098	2021-07-28T17:41:53.283	0.293
-28.684	136.263	10.636	0.284	2021-07-31T16:31:46.627	0.551
-27.035	135.45	8.694	0.361	2021-08-8T11:54:49.794	0.54
-29.539	137.664	10.381	0.116	2021-08-9T7:35:9.494	0.665
-28.084	135.897	9.886	0.26	2021-08-9T13:20:28.948	1.367
-29.509	137.621	10.481	0.415	2021-08-12T2:53:27.567	1.244
-28.224	135.884	9.58	0.122	2021-08-25T18:23:43.465	-0.17
-28.489	136.468	9.749	0.353	2021-08-31T12:52:31.042	1.779
-27.613	135.493	9.59	0.192	2021-09-8T23:27:22.083	0.836
-29.752	138.037	6.94	0.229	2021-09-10T20:24:15.993	1.653
-27.904	135.643	7.739	0.242	2021-09-13T12:8:41.874	0.551
-29.705	137.679	10.248	0.209	2021-09-16T11:56:31.661	1.418
-27.944	137.821	9.772	0.341	2021-09-25T2:30:50.552	1.791
-28.536	136.052	10.241	0.229	2021-10-7T13:28:40.857	0.707
-27.959	135.713	10.125	0.243	2021-10-13T16:2:53.901	0.747
-28.414	136.051	10.504	0.252	2021-10-18T18:44:41.309	1.873
-28.286	135.944	5.844	0.127	2021-10-27T13:48:7.167	0.622
-27.423	134.821	7.873	0.251	2021-11-9T2:51:14.731	1.055
-27.398	134.885	9.653	0.299	2021-11-11T16:37:54.801	1.191
-28.565	136.493	10.075	0.113	2021-11-15T16:43:3.376	0.322
-28.642	136.219	9.642	0.145	2021-11-21T22:11:55.855	0.502
-28.82	136.428	10.613	0.216	2021-12-6T15:12:49.379	0.226
-28.595	136.302	10.175	0.141	2021-12-7T3:10:33.516	0.492
-30.032	137.912	9.53	0.19	2021-12-11T2:4:41.725	1.388
-28.855	135.639	9.115	0.161	2021-12-23T1:29:2.961	1.725
-28.103	136.048	10.308	0.165	2021-12-28T21:19:29.940	0.307
-27.281	135.231	9.794	0.178	2022-01-6T14:1:28.958	0.682
-28.189	135.911	9.366	0.098	2022-01-8T17:6:45.940	0.549
-28.934	136.688	9.55	0.283	2022-01-31T5:52:36.232	0.341
-27.092	135.442	8.909	0.257	2022-02-5T18:12:35.881	0.848
-28.107	135.766	10.116	0.174	2022-02-13T15:52:18.536	0.333
-26.511	137.318	7.342	0.578	2022-02-14T22:40:28.263	2.542
-27.322	135.278	8.414	0.179	2022-02-15T19:2:48.562	0.606
-28.499	136.193	9.897	0.389	2022-03-6T10:4:13.020	2.675
-28.502	136.209	10.32	0.195	2022-03-6T10:35:39.865	2.113
-28.547	136.122	9.636	0.221	2022-03-6T11:32:6.226	1.16
-28.565	136.338	10.316	0.238	2022-03-18T17:29:47.596	0.374
-28.562	136.038	10.175	0.189	2022-03-30T22:54:34.869	1.194
-27.912	135.7	9.788	0.11	2022-04-5T20:3:43.841	0.041
-28.255	135.909	10.153	0.149	2022-04-13T19:3:4.414	0.242
-27.601	135.393	9.781	0.229	2022-05-1T8:17:57.729	0.668
-28.042	135.865	9.687	0.213	2022-05-2T17:2:6.283	0.198
-28.571	136.593	9.771	0.202	2022-05-6T7:9:20.797	1.188
-28.344	135.868	9.468	0.109	2022-05-10T0:37:36.482	0.484
-28.501	135.292	9.469	0.209	2022-05-17T5:41:12.478	1.389
-27.476	135.365	9.815	0.272	2022-05-17T23:19:18.988	0.558
